[1] "C:/Users/henrytu/Desktop/ImgTag-master/BOW/BOW - ColorAverage/corel1000 _BOW.csv"
[1] 718 501
[1] 282 501
    y
y1    1  2  3  4  5  6  7  8  9 10
  1  77  0  0  0  0  0  0  0  0  0
  2   0 69  0  0  0  0  0  0  0  0
  3   0  0 74  0  0  0  0  0  0  0
  4   0  0  0 71  0  0  0  0  0  0
  5   0  0  0  0 69  0  0  0  0  0
  6   0  0  0  0  0 71  0  0  0  0
  7   0  0  0  0  0  0 71  0  0  0
  8   0  0  0  0  0  0  0 77  0  0
  9   0  0  0  0  0  0  0  0 68  0
  10  0  0  0  0  0  0  0  0  0 71
[1] 0
    y
y1    1  2  3  4  5  6  7  8  9 10
  1  13  2  2  3  0  4  0  0  4  0
  2   0 13  0  2  0  2  0  0  2  8
  3   2  7 10  3  0  4  1  1  2  3
  4   0  1  1 15  0  0  1  0  2  1
  5   0  0  0  0 31  0  0  0  0  0
  6   2  1  1  1  0 13  1  0  3  1
  7   1  0  2  0  0  0 22  0  2  0
  8   0  0  0  0  0  1  2 22  0  0
  9   5  2  2  3  0  0  2  0 17  1
  10  0  5  8  2  0  5  0  0  0 15
[1] 0.393617
[1] "C:/Users/henrytu/Desktop/ImgTag-master/BOW/BOW - ColorAverage/MIT8 _BOW.csv"
[1] 1845  501
[1] 843 501
   y
y1    1   2   3   4   5   6   7   8
  1 258   0   0   0   0   0   0   0
  2   0 229   0   0   0   0   0   0
  3   0   0 173   0   0   0   0   0
  4   0   0   0 212   0   0   0   0
  5   0   0   0   0 264   0   0   0
  6   0   0   0   0   0 273   0   0
  7   0   0   0   0   0   0 205   0
  8   0   0   0   0   0   0   0 231
[1] 0
   y
y1   1  2  3  4  5  6  7  8
  1 45  4 10 12 29 17  4 26
  2  8 65  3 13  6 24  3 10
  3  5  0 46  4 10 10  5  4
  4 11  8  6 35 11  8 32 28
  5 20  3  5  4 30 19  6 19
  6  2 13  8  8  8 43  3 10
  7  4  2  7 11  7  6 28  7
  8  7  4  2  9  9 10  6 21
[1] 0.628707
